K = [0 2.3e6 5e8 0 8e6]